[[[0.769673169 1.05476975 -0.863331497 ... 1.92815399 0.671694517 0.128345728]
  [1.59950328 1.88033605 0.87851882 ... 1.82026815 1.49108672 0.969293892]
  [1.66732979 1.99489462 1.03470147 ... 1.82026815 1.49108672 0.969293892]
  ...
  [-1.1984812 0.815308094 1.35369706 ... -0.0390345454 0.862558603 1.58663905]
  [-0.818834662 1.51284242 0.521258235 ... -0.0390360355 0.862557173 1.58663774]
  [0.12719664 1.40757632 -0.244761109 ... -0.0390376449 0.862555742 1.5866363]]

 [[0.769673169 1.05476975 -0.863331497 ... 1.92815399 0.671694517 0.128345728]
  [1.59950328 1.88033605 0.87851882 ... 1.82026815 1.49108672 0.969293892]
  [1.66732979 1.99489462 1.03470147 ... 1.82026815 1.49108672 0.969293892]
  ...
  [-1.1984812 0.815308094 1.35369706 ... -0.0390345454 0.862558603 1.58663905]
  [-0.818834662 1.51284242 0.521258235 ... -0.0390360355 0.862557173 1.58663774]
  [0.12719664 1.40757632 -0.244761109 ... -0.0390376449 0.862555742 1.5866363]]

 [[0.769673169 1.05476975 -0.863331497 ... 1.92815399 0.671694517 0.128345728]
  [1.59950328 1.88033605 0.87851882 ... 1.82026815 1.49108672 0.969293892]
  [1.66732979 1.99489462 1.03470147 ... 1.82026815 1.49108672 0.969293892]
  ...
  [-1.1984812 0.815308094 1.35369706 ... -0.0390345454 0.862558603 1.58663905]
  [-0.818834662 1.51284242 0.521258235 ... -0.0390360355 0.862557173 1.58663774]
  [0.12719664 1.40757632 -0.244761109 ... -0.0390376449 0.862555742 1.5866363]]

 ...

 [[0.769673169 1.05476975 -0.863331497 ... 1.92815399 0.671694517 0.128345728]
  [1.59950328 1.88033605 0.87851882 ... 1.82026815 1.49108672 0.969293892]
  [1.66732979 1.99489462 1.03470147 ... 1.82026815 1.49108672 0.969293892]
  ...
  [-1.1984812 0.815308094 1.35369706 ... -0.0390345454 0.862558603 1.58663905]
  [-0.818834662 1.51284242 0.521258235 ... -0.0390360355 0.862557173 1.58663774]
  [0.12719664 1.40757632 -0.244761109 ... -0.0390376449 0.862555742 1.5866363]]

 [[0.769673169 1.05476975 -0.863331497 ... 1.92815399 0.671694517 0.128345728]
  [1.59950328 1.88033605 0.87851882 ... 1.82026815 1.49108672 0.969293892]
  [1.66732979 1.99489462 1.03470147 ... 1.82026815 1.49108672 0.969293892]
  ...
  [-1.1984812 0.815308094 1.35369706 ... -0.0390345454 0.862558603 1.58663905]
  [-0.818834662 1.51284242 0.521258235 ... -0.0390360355 0.862557173 1.58663774]
  [0.12719664 1.40757632 -0.244761109 ... -0.0390376449 0.862555742 1.5866363]]

 [[0.769673169 1.05476975 -0.863331497 ... 1.92815399 0.671694517 0.128345728]
  [1.59950328 1.88033605 0.87851882 ... 1.82026815 1.49108672 0.969293892]
  [1.66732979 1.99489462 1.03470147 ... 1.82026815 1.49108672 0.969293892]
  ...
  [-1.1984812 0.815308094 1.35369706 ... -0.0390345454 0.862558603 1.58663905]
  [-0.818834662 1.51284242 0.521258235 ... -0.0390360355 0.862557173 1.58663774]
  [0.12719664 1.40757632 -0.244761109 ... -0.0390376449 0.862555742 1.5866363]]]
