[[[0.528146803 -0.607765079 -0.58355546 ... 0.344593465 0.311013281 0.397304654]
  [0.188799262 0.396708727 1.27858269 ... 0.836513638 2.12519741 0.172813416]
  [0.256625712 0.511267245 1.43476534 ... 0.836513638 2.12519741 0.172813416]
  ...
  [0.630478919 0.0808631778 1.22443855 ... 1.05075252 -0.100693285 -0.0717756152]
  [-0.295880377 0.781807959 1.20048535 ... 1.05075109 -0.100694656 -0.0717768669]
  [-0.588134646 1.68056607 0.466786802 ... 1.05074966 -0.100696027 -0.0717781186]]

 [[0.528146803 -0.607765079 -0.58355546 ... 0.344593465 0.311013281 0.397304654]
  [0.188799262 0.396708727 1.27858269 ... 0.836513638 2.12519741 0.172813416]
  [0.256625712 0.511267245 1.43476534 ... 0.836513638 2.12519741 0.172813416]
  ...
  [0.630478919 0.0808631778 1.22443855 ... 1.05075252 -0.100693285 -0.0717756152]
  [-0.295880377 0.781807959 1.20048535 ... 1.05075109 -0.100694656 -0.0717768669]
  [-0.588134646 1.68056607 0.466786802 ... 1.05074966 -0.100696027 -0.0717781186]]

 [[0.528146803 -0.607765079 -0.58355546 ... 0.344593465 0.311013281 0.397304654]
  [0.188799262 0.396708727 1.27858269 ... 0.836513638 2.12519741 0.172813416]
  [0.256625712 0.511267245 1.43476534 ... 0.836513638 2.12519741 0.172813416]
  ...
  [0.630478919 0.0808631778 1.22443855 ... 1.05075252 -0.100693285 -0.0717756152]
  [-0.295880377 0.781807959 1.20048535 ... 1.05075109 -0.100694656 -0.0717768669]
  [-0.588134646 1.68056607 0.466786802 ... 1.05074966 -0.100696027 -0.0717781186]]

 ...

 [[0.528146803 -0.607765079 -0.58355546 ... 0.344593465 0.311013281 0.397304654]
  [0.188799262 0.396708727 1.27858269 ... 0.836513638 2.12519741 0.172813416]
  [0.256625712 0.511267245 1.43476534 ... 0.836513638 2.12519741 0.172813416]
  ...
  [0.630478919 0.0808631778 1.22443855 ... 1.05075252 -0.100693285 -0.0717756152]
  [-0.295880377 0.781807959 1.20048535 ... 1.05075109 -0.100694656 -0.0717768669]
  [-0.588134646 1.68056607 0.466786802 ... 1.05074966 -0.100696027 -0.0717781186]]

 [[0.528146803 -0.607765079 -0.58355546 ... 0.344593465 0.311013281 0.397304654]
  [0.188799262 0.396708727 1.27858269 ... 0.836513638 2.12519741 0.172813416]
  [0.256625712 0.511267245 1.43476534 ... 0.836513638 2.12519741 0.172813416]
  ...
  [0.630478919 0.0808631778 1.22443855 ... 1.05075252 -0.100693285 -0.0717756152]
  [-0.295880377 0.781807959 1.20048535 ... 1.05075109 -0.100694656 -0.0717768669]
  [-0.588134646 1.68056607 0.466786802 ... 1.05074966 -0.100696027 -0.0717781186]]

 [[0.528146803 -0.607765079 -0.58355546 ... 0.344593465 0.311013281 0.397304654]
  [0.188799262 0.396708727 1.27858269 ... 0.836513638 2.12519741 0.172813416]
  [0.256625712 0.511267245 1.43476534 ... 0.836513638 2.12519741 0.172813416]
  ...
  [0.630478919 0.0808631778 1.22443855 ... 1.05075252 -0.100693285 -0.0717756152]
  [-0.295880377 0.781807959 1.20048535 ... 1.05075109 -0.100694656 -0.0717768669]
  [-0.588134646 1.68056607 0.466786802 ... 1.05074966 -0.100696027 -0.0717781186]]]
